vvScene
n EBC46E3_132904
m 1.000000 0.000000 0.000000 0.000000 0.000000 1.000000 0.000000 0.000000 0.000000 0.000000 1.000000 0.000000 0.000000 0.000000 0.000000 1.000000
r 0 -1 0.000000 0.000000 0.000000 0
n 36F2C465_697264
m 0.000000 1.000000 0.000000 2513.634521 -1.000000 0.000000 0.000000 1271.484497 0.000000 0.000000 1.000000 434.999969 0.000000 0.000000 0.000000 1.000000
r 0 -1 0.000000 0.000000 0.000000 0
n 231A3A8A_87253
m 1.000000 0.000000 0.000000 0.000000 0.000000 1.000000 0.000000 0.000000 0.000000 0.000000 1.000000 0.000000 0.000000 0.000000 0.000000 1.000000
r 0 -1 0.000000 0.000000 0.000000 0
n 4E62AFAB_84124
m -0.882868 0.000000 0.000000 450.325249 -0.000000 -0.767886 0.000000 2963.303535 0.000000 0.000000 0.826131 1210.039429 0.000000 0.000000 0.000000 1.000000
r 0 -1 0.000000 0.000000 0.000000 0
n 3F340193_1434456
m -0.650541 0.650541 0.000000 479.385246 -0.650541 -0.650541 0.000000 2596.590885 0.000000 0.000000 0.920004 478.695952 0.000000 0.000000 0.000000 1.000000
r 0 -1 0.000000 0.000000 0.000000 0
n E94176EE_4281807
m 1.302171 -0.328437 0.000000 65.239684 0.257312 1.020181 0.000000 2772.877228 0.000000 0.000000 1.147547 462.906634 0.000000 0.000000 0.000000 1.000000
r 0 -1 0.000000 0.000000 0.000000 0
n 522F7F63_4285156
m 1.347687 -0.339917 0.000000 947.038332 0.266307 1.055840 0.000000 2772.917265 0.000000 0.000000 1.187659 462.906634 0.000000 0.000000 0.000000 1.000000
r 0 -1 0.000000 0.000000 0.000000 0
n 8200D07A_313300
m 1.000000 0.000000 0.000000 -509.914131 0.000000 1.000000 0.000000 2986.579733 0.000000 0.000000 1.000000 0.100039 0.000000 0.000000 0.000000 1.000000
r 0 -1 0.000000 0.000000 0.000000 0
n 48E71D44_6280203
m 0.000000 0.919199 0.000000 502.292759 -0.999825 0.000000 0.000000 1716.995592 0.000000 0.000000 0.967474 215.816397 0.000000 0.000000 0.000000 1.000000
r 0 -1 0.000000 0.000000 0.000000 0
n C6B54D53_36703
m 1.000000 0.000000 0.000000 0.000000 0.000000 1.000000 0.000000 0.000000 0.000000 0.000000 1.000000 0.000000 0.000000 0.000000 0.000000 1.000000
r 0 -1 0.000000 0.000000 0.000000 0
n F04705A7_5612
m 1.000000 0.000000 0.000000 0.000000 0.000000 1.000000 0.000000 0.000000 0.000000 0.000000 1.000000 0.000000 0.000000 0.000000 0.000000 1.000000
r 0 -1 0.000000 0.000000 0.000000 0
n 317CEDCC_5615
m 1.000000 0.000000 0.000000 0.000000 0.000000 1.000000 0.000000 0.000000 0.000000 0.000000 1.000000 0.000000 0.000000 0.000000 0.000000 1.000000
r 0 -1 0.000000 0.000000 0.000000 0
n 254765E_12092701
m 1.000000 0.000000 0.000000 0.000000 0.000000 1.000000 0.000000 0.000000 0.000000 0.000000 1.000000 0.000000 0.000000 0.000000 0.000000 1.000000
r 0 -1 0.000000 0.000000 0.000000 0
n 914E5D64_79990
m -1.613208 -0.000000 0.000000 488.073074 0.000000 -0.584471 0.000000 -374.358127 0.000000 0.000000 1.557788 718.332513 0.000000 0.000000 0.000000 1.000000
r 0 -1 0.000000 0.000000 0.000000 0
n A5BAE5A8_5914
m 1.089702 -0.000000 0.000000 516.780393 0.000000 0.983958 0.000000 1217.666804 0.000000 0.000000 0.993354 0.000001 0.000000 0.000000 0.000000 1.000000
r 0 -1 0.000000 0.000000 0.000000 0
n 3C143C86_5051
m 1.000000 0.000000 0.000000 0.000000 0.000000 1.000000 0.000000 0.000000 0.000000 0.000000 1.000000 0.000000 0.000000 0.000000 0.000000 1.000000
r 0 -1 0.000000 0.000000 0.000000 0
n A7FC3FAD_12892
m 1.000000 0.000000 0.000000 0.000000 0.000000 1.000000 0.000000 0.000000 0.000000 0.000000 1.000000 0.000000 0.000000 0.000000 0.000000 1.000000
r 0 -1 0.000000 0.000000 0.000000 0
n 9EE7A7D9_3105
m 1.000000 0.000000 0.000000 0.000000 0.000000 1.000000 0.000000 0.000000 0.000000 0.000000 1.000000 0.000000 0.000000 0.000000 0.000000 1.000000
r 0 -1 0.000000 0.000000 0.000000 0
n EC67D4B8_121390
m 1.000000 0.000000 0.000000 0.000000 0.000000 1.000000 0.000000 0.000000 0.000000 0.000000 1.000000 0.000000 0.000000 0.000000 0.000000 1.000000
r 0 -1 0.000000 0.000000 0.000000 0
n 29E950FA_81400
m 1.000000 0.000000 0.000000 0.000000 0.000000 1.000000 0.000000 0.000000 0.000000 0.000000 1.000000 0.000000 0.000000 0.000000 0.000000 1.000000
r 1 6 0.000000 0.000000 0.000000 0
n D289391B_18065
m 1.000000 0.000000 0.000000 0.000000 0.000000 1.000000 0.000000 0.000000 0.000000 0.000000 1.000000 0.000000 0.000000 0.000000 0.000000 1.000000
r 0 -1 0.000000 0.000000 0.000000 0
n A2C24367_21679
m 1.000000 0.000000 0.000000 0.000000 0.000000 1.000000 0.000000 0.000000 0.000000 0.000000 1.000000 0.000000 0.000000 0.000000 0.000000 1.000000
r 0 -1 0.000000 0.000000 0.000000 0
n 10BFE957_21677
m 1.000000 0.000000 0.000000 0.000000 0.000000 1.000000 0.000000 0.000000 0.000000 0.000000 1.000000 0.000000 0.000000 0.000000 0.000000 1.000000
r 0 -1 0.000000 0.000000 0.000000 0
n 29B516A0_14929
m 1.000000 0.000000 0.000000 0.000000 0.000000 1.000000 0.000000 0.000000 0.000000 0.000000 1.000000 0.000000 0.000000 0.000000 0.000000 1.000000
r 0 -1 0.000000 0.000000 0.000000 0
n 7344E287_100692
m 1.000000 0.000000 0.000000 0.000000 0.000000 1.000000 0.000000 0.000000 0.000000 0.000000 1.000000 0.000000 0.000000 0.000000 0.000000 1.000000
r 0 -1 0.000000 0.000000 0.000000 0
n 10CD5352_609957
m 1.000000 0.000000 0.000000 0.000000 0.000000 1.000000 0.000000 0.000000 0.000000 0.000000 1.000000 0.000000 0.000000 0.000000 0.000000 1.000000
r 0 -1 0.000000 0.000000 0.000000 0
n 1535B809_37532
m 1.000000 0.000000 0.000000 0.000000 0.000000 1.000000 0.000000 0.000000 0.000000 0.000000 1.000000 0.000000 0.000000 0.000000 0.000000 1.000000
r 0 -1 0.000000 0.000000 0.000000 0
n 5308B0AD_162434
m 1.000000 0.000000 0.000000 0.000000 0.000000 1.000000 0.000000 0.000000 0.000000 0.000000 1.000000 0.000000 0.000000 0.000000 0.000000 1.000000
r 0 -1 0.000000 0.000000 0.000000 0
n 95FD5D67_471169
m 1.000000 0.000000 0.000000 0.000000 0.000000 1.000000 0.000000 0.000000 0.000000 0.000000 1.000000 0.000000 0.000000 0.000000 0.000000 1.000000
r 0 -1 0.000000 0.000000 0.000000 0
n C9367C79_314339
m 1.000000 0.000000 0.000000 0.000000 0.000000 1.000000 0.000000 0.000000 0.000000 0.000000 1.000000 0.000000 0.000000 0.000000 0.000000 1.000000
r 0 -1 0.000000 0.000000 0.000000 0
n C35DC6F0_6139330
m 0.000000 -1.000000 0.000000 507.410278 -1.000000 -0.000000 -0.000000 1711.763916 0.000000 0.000000 -1.000000 3000.000000 0.000000 0.000000 0.000000 1.000000
r 0 -1 0.000000 0.000000 0.000000 0
n C2D216FE_3756
m 1.000000 0.000000 0.000000 0.000000 0.000000 1.000000 0.000000 0.000000 0.000000 0.000000 1.000000 0.000000 0.000000 0.000000 0.000000 1.000000
r 0 -1 0.000000 0.000000 0.000000 0
n 290C4269_3756
m 1.000000 0.000000 0.000000 0.000000 0.000000 1.000000 0.000000 0.000000 0.000000 0.000000 1.000000 0.000000 0.000000 0.000000 0.000000 1.000000
r 0 -1 0.000000 0.000000 0.000000 0
n 98DA2D37_3672
m 1.000000 0.000000 0.000000 0.000000 0.000000 1.000000 0.000000 0.000000 0.000000 0.000000 1.000000 0.000000 0.000000 0.000000 0.000000 1.000000
r 0 -1 0.000000 0.000000 0.000000 0
n 630FD683_3672
m 1.000000 0.000000 0.000000 0.000000 0.000000 1.000000 0.000000 0.000000 0.000000 0.000000 1.000000 0.000000 0.000000 0.000000 0.000000 1.000000
r 0 -1 0.000000 0.000000 0.000000 0
n B84AE409_3588
m 1.000000 0.000000 0.000000 0.000000 0.000000 1.000000 0.000000 0.000000 0.000000 0.000000 1.000000 0.000000 0.000000 0.000000 0.000000 1.000000
r 0 -1 0.000000 0.000000 0.000000 0
n E0E6528D_3672
m 1.000000 0.000000 0.000000 0.000000 0.000000 1.000000 0.000000 0.000000 0.000000 0.000000 1.000000 0.000000 0.000000 0.000000 0.000000 1.000000
r 0 -1 0.000000 0.000000 0.000000 0
n BF5C3B3C_3756
m 1.000000 0.000000 0.000000 0.000000 0.000000 1.000000 0.000000 0.000000 0.000000 0.000000 1.000000 0.000000 0.000000 0.000000 0.000000 1.000000
r 0 -1 0.000000 0.000000 0.000000 0
n B5302B8D_3840
m 1.000000 0.000000 0.000000 0.000000 0.000000 1.000000 0.000000 0.000000 0.000000 0.000000 1.000000 0.000000 0.000000 0.000000 0.000000 1.000000
r 0 -1 0.000000 0.000000 0.000000 0
n C2C59204_3672
m 1.000000 0.000000 0.000000 0.000000 0.000000 1.000000 0.000000 0.000000 0.000000 0.000000 1.000000 0.000000 0.000000 0.000000 0.000000 1.000000
r 0 -1 0.000000 0.000000 0.000000 0
n C8D10D1F_91147
m 1.000000 0.000000 0.000000 0.000000 0.000000 1.000000 0.000000 0.000000 0.000000 0.000000 1.000000 0.000000 0.000000 0.000000 0.000000 1.000000
r 0 -1 0.000000 0.000000 0.000000 0
n 2AECA33B_1617378
m -1.026418 -0.000000 0.000000 -2239.098979 0.000000 -1.026418 0.000000 -1566.907989 0.000000 0.000000 1.068271 0.000000 0.000000 0.000000 0.000000 1.000000
r 1 1 -2239.098979 -1566.907989 0.000000 1
n 99AE16C6_70492
m 1.000000 0.000000 0.000000 0.000000 0.000000 1.000000 0.000000 0.000000 0.000000 0.000000 1.000000 0.000000 0.000000 0.000000 0.000000 1.000000
r 0 -1 0.000000 0.000000 0.000000 0
n 9A587A17_69898
m 1.000000 0.000000 0.000000 0.000000 0.000000 1.000000 0.000000 0.000000 0.000000 0.000000 1.000000 0.000000 0.000000 0.000000 0.000000 1.000000
r 0 -1 0.000000 0.000000 0.000000 0
n 60D9EEA0_70159
m 1.000000 0.000000 0.000000 0.000000 0.000000 1.000000 0.000000 0.000000 0.000000 0.000000 1.000000 0.000000 0.000000 0.000000 0.000000 1.000000
r 0 -1 0.000000 0.000000 0.000000 0
n 2B58D52C_21900
m 1.000000 0.000000 0.000000 0.000000 0.000000 1.000000 0.000000 0.000000 0.000000 0.000000 1.000000 0.000000 0.000000 0.000000 0.000000 1.000000
r 0 -1 0.000000 0.000000 0.000000 0
n A8F73169_28190
m 1.000000 0.000000 0.000000 0.000000 0.000000 1.000000 0.000000 0.000000 0.000000 0.000000 1.000000 0.000000 0.000000 0.000000 0.000000 1.000000
r 0 -1 0.000000 0.000000 0.000000 0
n F261202B_267177
m 1.000000 0.000000 0.000000 0.000000 0.000000 1.000000 0.000000 0.000000 0.000000 0.000000 1.000000 0.000000 0.000000 0.000000 0.000000 1.000000
r 0 -1 0.000000 0.000000 0.000000 0
n F2BBAEF3_267177
m 1.000000 0.000000 0.000000 0.000000 0.000000 1.000000 0.000000 0.000000 0.000000 0.000000 1.000000 0.000000 0.000000 0.000000 0.000000 1.000000
r 0 -1 0.000000 0.000000 0.000000 0
l 561.564880	1954.892700	2141.271240
b 0
p 8.000000	0.785398	0.100000
c 1.000000	1.000000	1.000000
d 0.000000	0.000000	-1.000000
s 0.000000	0.000000	0.000000
t 1
l 275.749420	1862.025513	2141.271240
b 0
p 8.000000	0.785398	0.100000
c 1.000000	1.000000	1.000000
d 0.000000	0.000000	-1.000000
s 0.000000	0.000000	0.000000
t 1
l 275.749420	1561.502319	2141.271484
b 0
p 8.000000	0.785398	0.100000
c 1.000000	1.000000	1.000000
d 0.000000	0.000000	-1.000000
s 0.000000	0.000000	0.000000
t 1
l 561.564880	1468.635132	2141.271484
b 0
p 8.000000	0.785398	0.100000
c 1.000000	1.000000	1.000000
d 0.000000	0.000000	-1.000000
s 0.000000	0.000000	0.000000
t 1
l 738.208496	1711.764648	2141.271362
b 0
p 8.000000	0.785398	0.100000
c 1.000000	1.000000	1.000000
d 0.000000	0.000000	-1.000000
s 0.000000	0.000000	0.000000
t 1
l 1793.525757	2486.518066	2700.000000
b 0
p 10.000000	0.349066	0.500000
c 1.000000	1.000000	1.000000
d 0.000000	0.000000	-1.000000
s 48.382809	48.382809	48.382809
t 2
l -866.759460	2386.625977	2700.000000
b 0
p 10.000000	0.349066	0.500000
c 1.000000	1.000000	1.000000
d 0.000000	0.000000	-1.000000
s 48.382809	48.382809	48.382809
t 2
l -356.783813	859.330322	2700.000000
b 0
p 10.000000	0.349066	0.500000
c 1.000000	1.000000	1.000000
d 0.000000	0.000000	-1.000000
s 48.382809	48.382809	48.382809
t 2
l 1404.472168	833.042908	2700.000000
b 0
p 10.000000	0.349066	0.500000
c 1.000000	1.000000	1.000000
d 0.000000	0.000000	-1.000000
s 48.382809	48.382809	48.382809
t 2
l 426.580811	291.524597	2700.000000
b 0
p 10.000000	0.349066	0.500000
c 1.000000	1.000000	1.000000
d 0.000000	0.000000	-1.000000
s 48.382809	48.382809	48.382809
t 2
l 1714.663574	417.704102	2700.000000
b 0
p 10.000000	0.349066	0.500000
c 1.000000	1.000000	1.000000
d 0.000000	0.000000	-1.000000
s 48.382809	48.382809	48.382809
t 2
l -1360.962646	380.899628	2700.000000
b 0
p 10.000000	0.349066	0.500000
c 1.000000	1.000000	1.000000
d 0.000000	0.000000	-1.000000
s 48.382809	48.382809	48.382809
t 2
l -1066.543701	1621.664917	2700.000000
b 0
p 10.000000	0.349066	0.500000
c 1.000000	1.000000	1.000000
d 0.000000	0.000000	-1.000000
s 48.382809	48.382809	48.382809
t 2
l 479.155640	2562.753906	2700.000000
b 0
p 10.000000	0.349066	0.500000
c 1.000000	1.000000	1.000000
d 0.000000	0.000000	-1.000000
s 48.382809	48.382809	48.382809
t 2
a 3295.017568	1366.868338	1234.375000	-704.978969	1361.605296	1234.375000	0.000000	0.000000	1.000000
